action-code;filename;flightId;departureCode;arrivalCode;firstEventDateTime;lastEventDateTime;predictionDateTime;latitude;longitude;speed;altitude;distLeft;distGain;dspeed;dalt;anomaly;distance;severity;diversionDetected;firstAlert
div-check;24643263.xml;4954198;AYT;ARN;2013-07-11 05:07:04+02:00;2013-07-11 09:01:54+02:00;2013-07-11 05:07:04+02:00;36.944000;30.798700;164;2280;;;;;;0.000000;0.000000;;
div-check;24643263.xml;4954198;AYT;ARN;2013-07-11 05:07:04+02:00;2013-07-11 09:01:54+02:00;2013-07-11 05:11:04+02:00;37.205200;30.835500;292;8530;;;;;;0.000000;0.000000;;
div-check;24643263.xml;4954198;AYT;ARN;2013-07-11 05:07:04+02:00;2013-07-11 09:01:54+02:00;2013-07-11 05:15:33+02:00;37.651500;30.899000;404;16100;0.00241552111907;1.25316953987e-08;3.73662305627e-06;7.13677448707e-06;True;-0.002019;-0.002019;False;
div-check;24643263.xml;4954198;AYT;ARN;2013-07-11 05:07:04+02:00;2013-07-11 09:01:54+02:00;2013-07-11 05:23:53+02:00;38.662400;30.932100;0;25430;0.0136814598346;1.3115178947e-07;-2.3282887078e-05;5.23066064141e-06;True;-0.045851;-0.047870;False;
div-check;24643263.xml;4954198;AYT;ARN;2013-07-11 05:07:04+02:00;2013-07-11 09:01:54+02:00;2013-07-11 05:27:53+02:00;39.150800;30.695700;464;29300;0.038225665083;2.84867748938e-07;2.32126276695e-05;1.64138258872e-06;False;0.039919;-0.007951;False;
div-check;24643263.xml;4954198;AYT;ARN;2013-07-11 05:07:04+02:00;2013-07-11 09:01:54+02:00;2013-07-11 05:31:53+02:00;39.634600;30.457100;464;32000;0.0626945019786;2.8399300018e-07;0.0;1.02241590061e-06;False;0.285692;0.277741;False;
div-check;24643263.xml;4954198;AYT;ARN;2013-07-11 05:07:04+02:00;2013-07-11 09:01:54+02:00;2013-07-11 05:35:53+02:00;40.124700;30.211400;468;34000;0.0875917362587;2.88965114672e-07;9.96250114569e-08;7.0341295968e-07;False;0.348165;0.625906;False;
div-check;24643263.xml;4954198;AYT;ARN;2013-07-11 05:07:04+02:00;2013-07-11 09:01:54+02:00;2013-07-11 05:39:53+02:00;40.613400;29.962600;464;34000;0.112502456435;2.89121636212e-07;-9.96250114569e-08;0.0;False;0.359232;0.985139;False;
div-check;24643263.xml;4954198;AYT;ARN;2013-07-11 05:07:04+02:00;2013-07-11 09:01:54+02:00;2013-07-11 05:43:53+02:00;41.097900;29.712000;464;34000;0.137286079642;2.87646508908e-07;0.0;0.0;False;0.416578;1.401717;False;
div-check;24643263.xml;4954198;AYT;ARN;2013-07-11 05:07:04+02:00;2013-07-11 09:01:54+02:00;2013-07-11 05:47:53+02:00;41.588600;29.454200;472;34000;0.162463978561;2.92222596545e-07;1.98398527089e-07;0.0;False;0.450735;1.852452;False;
div-check;24643263.xml;4954198;AYT;ARN;2013-07-11 05:07:04+02:00;2013-07-11 09:01:54+02:00;2013-07-11 05:51:53+02:00;42.081000;29.190900;472;34000;0.187836816748;2.94485122884e-07;0.0;0.0;False;0.466839;2.319290;False;
div-check;24643263.xml;4954198;AYT;ARN;2013-07-11 05:07:04+02:00;2013-07-11 09:01:54+02:00;2013-07-11 05:55:53+02:00;42.447500;28.803100;444;34000;0.220292377608;3.76689425017e-07;-7.09556304306e-07;0.0;False;0.305559;2.624850;False;
div-check;24643263.xml;4954198;AYT;ARN;2013-07-11 05:07:04+02:00;2013-07-11 09:01:54+02:00;2013-07-11 05:59:53+02:00;42.823700;28.334400;440;34030;0.258328243469;4.41456196168e-07;-1.05034514341e-07;1.02363491119e-08;False;0.343725;2.968575;False;
div-check;24643263.xml;4954198;AYT;ARN;2013-07-11 05:07:04+02:00;2013-07-11 09:01:54+02:00;2013-07-11 06:03:53+02:00;43.181400;27.880900;448;34000;0.294705768537;4.2220897247e-07;2.09122771797e-07;-1.02363491119e-08;False;0.347590;3.316164;False;
div-check;24643263.xml;4954198;AYT;ARN;2013-07-11 05:07:04+02:00;2013-07-11 09:01:54+02:00;2013-07-11 06:07:54+02:00;43.564700;27.431500;448;34030;0.330735081765;4.1817237001e-07;0.0;1.02364679196e-08;False;0.298043;3.614207;False;
div-check;24643263.xml;4954198;AYT;ARN;2013-07-11 05:07:04+02:00;2013-07-11 09:01:54+02:00;2013-07-11 06:12:04+02:00;43.942200;26.991600;440;33950;0.365670436143;4.05517752496e-07;-2.09147046059e-07;-2.73201790086e-08;False;0.229998;3.844206;False;
div-check;24643263.xml;4954198;AYT;ARN;2013-07-11 05:07:04+02:00;2013-07-11 09:01:54+02:00;2013-07-11 06:16:28+02:00;44.348300;26.537900;444;34030;0.401496406613;4.1592331279e-07;1.05063780018e-07;2.73246194575e-08;False;0.230474;4.074680;False;
div-check;24643263.xml;4954198;AYT;ARN;2013-07-11 05:07:04+02:00;2013-07-11 09:01:54+02:00;2013-07-11 06:20:54+02:00;44.802800;26.035400;448;34030;0.440751301172;4.55742152445e-07;1.04123921628e-07;0.0;False;0.176189;4.250870;False;
div-check;24643263.xml;4954198;AYT;ARN;2013-07-11 05:07:04+02:00;2013-07-11 09:01:54+02:00;2013-07-11 06:24:54+02:00;45.195400;25.592800;452;34000;0.474836691679;3.95605739401e-07;1.03167234086e-07;-1.02363491119e-08;False;0.178093;4.428963;False;
div-check;24643263.xml;4954198;AYT;ARN;2013-07-11 05:07:04+02:00;2013-07-11 09:01:54+02:00;2013-07-11 06:28:54+02:00;45.587600;25.142700;444;34000;0.509037987812;3.96950976483e-07;-2.07255604192e-07;0.0;False;0.122806;4.551769;False;
div-check;24643263.xml;4954198;AYT;ARN;2013-07-11 05:07:04+02:00;2013-07-11 09:01:54+02:00;2013-07-11 06:32:54+02:00;45.963400;24.703300;444;34030;0.541980766201;3.82344224568e-07;0.0;1.02363491119e-08;False;0.157506;4.709275;False;
div-check;24643263.xml;4954198;AYT;ARN;2013-07-11 05:07:04+02:00;2013-07-11 09:01:54+02:00;2013-07-11 06:36:54+02:00;46.339100;24.256000;432;35950;0.575072490312;3.84072935366e-07;-3.17981200951e-07;6.3687117927e-07;False;0.071766;4.781041;False;
div-check;24643263.xml;4954198;AYT;ARN;2013-07-11 05:07:04+02:00;2013-07-11 09:01:54+02:00;2013-07-11 06:40:54+02:00;46.708400;23.808200;436;35980;0.607760077698;3.79382397697e-07;1.06970634421e-07;9.68134061009e-09;False;0.182741;4.963782;False;
div-check;24643263.xml;4954198;AYT;ARN;2013-07-11 05:07:04+02:00;2013-07-11 09:01:54+02:00;2013-07-11 06:44:54+02:00;47.085100;23.343000;436;35980;0.641259013389;3.88799160755e-07;0.0;0.0;False;0.188732;5.152515;False;
div-check;24643263.xml;4954198;AYT;ARN;2013-07-11 05:07:04+02:00;2013-07-11 09:01:54+02:00;2013-07-11 06:48:54+02:00;47.539800;23.037600;452;35980;0.664350446423;2.6800641869e-07;4.18245543594e-07;0.0;False;0.225957;5.378472;False;
div-check;24643263.xml;4954198;AYT;ARN;2013-07-11 05:07:04+02:00;2013-07-11 09:01:54+02:00;2013-07-11 06:52:54+02:00;47.997200;22.766500;444;36000;0.68490449938;2.38556789194e-07;-2.07255604192e-07;6.44974372588e-09;False;0.239706;5.618177;False;
div-check;24643263.xml;4954198;AYT;ARN;2013-07-11 05:07:04+02:00;2013-07-11 09:01:54+02:00;2013-07-11 06:56:54+02:00;48.438100;22.433600;448;37000;0.709052437891;2.80268552825e-07;1.0409250076e-07;3.17981200951e-07;False;0.238299;5.856476;False;
div-check;24643263.xml;4954198;AYT;ARN;2013-07-11 05:07:04+02:00;2013-07-11 09:01:54+02:00;2013-07-11 07:00:54+02:00;48.869200;22.101600;440;37000;0.732736627345;2.74886135719e-07;-2.09122771797e-07;0.0;False;0.262362;6.118838;False;
div-check;24643263.xml;4954198;AYT;ARN;2013-07-11 05:07:04+02:00;2013-07-11 09:01:54+02:00;2013-07-11 07:04:54+02:00;49.304300;21.760000;444;37000;0.756699279549;2.78118061793e-07;1.05034514341e-07;0.0;False;0.294223;6.413061;False;
div-check;24643263.xml;4954198;AYT;ARN;2013-07-11 05:07:04+02:00;2013-07-11 09:01:54+02:00;2013-07-11 07:08:54+02:00;49.744900;21.406300;460;37000;0.781079291788;2.82962073344e-07;4.10842967601e-07;0.0;False;0.295085;6.708146;False;
div-check;24643263.xml;4954198;AYT;ARN;2013-07-11 05:07:04+02:00;2013-07-11 09:01:54+02:00;2013-07-11 07:12:58+02:00;50.186400;21.045100;452;36980;0.805540193904;2.83914087424e-07;-2.03628994488e-07;-6.27567055195e-09;False;0.290929;6.999075;False;
div-check;24643263.xml;4954198;AYT;ARN;2013-07-11 05:07:04+02:00;2013-07-11 09:01:54+02:00;2013-07-11 07:16:58+02:00;50.631200;20.673400;456;36980;0.830257233266;2.86873715892e-07;1.02258271672e-07;0.0;False;0.305005;7.304080;False;
div-check;24643263.xml;4954198;AYT;ARN;2013-07-11 05:07:04+02:00;2013-07-11 09:01:54+02:00;2013-07-11 07:20:58+02:00;51.127300;20.430000;460;36000;0.846892288516;1.93071671896e-07;1.01365186329e-07;-3.11706976104e-07;False;0.342403;7.646483;False;
div-check;24643263.xml;4954198;AYT;ARN;2013-07-11 05:07:04+02:00;2013-07-11 09:01:54+02:00;2013-07-11 07:24:58+02:00;51.505100;19.891300;452;36050;0.880718503498;3.92597666916e-07;-2.0361954096e-07;1.61086937331e-08;False;0.234671;7.881153;False;
div-check;24643263.xml;4954198;AYT;ARN;2013-07-11 05:07:04+02:00;2013-07-11 09:01:54+02:00;2013-07-11 07:28:58+02:00;51.871300;19.348900;452;35980;0.914211086443;3.88725428797e-07;0.0;-2.25584331093e-08;False;0.210596;8.091749;False;
div-check;24643263.xml;4954198;AYT;ARN;2013-07-11 05:07:04+02:00;2013-07-11 09:01:54+02:00;2013-07-11 07:32:58+02:00;52.238700;18.792000;452;35980;0.948042540733;3.92658475979e-07;0.0;0.0;False;0.138722;8.230471;False;
div-check;24643263.xml;4954198;AYT;ARN;2013-07-11 05:07:04+02:00;2013-07-11 09:01:54+02:00;2013-07-11 07:36:58+02:00;52.609200;18.216800;448;36000;0.982409255106;3.98870872483e-07;-1.03167234086e-07;6.44974372588e-09;False;0.040831;8.271302;False;
div-check;24643263.xml;4954198;AYT;ARN;2013-07-11 05:07:04+02:00;2013-07-11 09:01:54+02:00;2013-07-11 07:40:58+02:00;52.995100;17.760400;452;36000;0.990749280137;9.67969478974e-08;1.03167234086e-07;0.0;False;0.097213;8.368515;False;
div-check;24643263.xml;4954198;AYT;ARN;2013-07-11 05:07:04+02:00;2013-07-11 09:01:54+02:00;2013-07-11 07:44:58+02:00;53.409900;17.275800;448;35980;0.962776475199;-3.24661152946e-07;-1.03167234086e-07;-6.44974372588e-09;True;-0.032456;8.336059;False;
div-check;24643263.xml;4954198;AYT;ARN;2013-07-11 05:07:04+02:00;2013-07-11 09:01:54+02:00;2013-07-11 07:48:58+02:00;53.801100;16.712200;456;36030;0.930784571011;-3.71308080184e-07;2.054214838e-07;1.61176417647e-08;True;-0.046597;8.289462;False;
div-check;24643263.xml;4954198;AYT;ARN;2013-07-11 05:07:04+02:00;2013-07-11 09:01:54+02:00;2013-07-11 07:52:59+02:00;54.179800;16.145000;456;36000;0.899165240402;-3.66988133663e-07;0.0;-9.66801211396e-09;False;0.038239;8.327701;False;
div-check;24643263.xml;4954198;AYT;ARN;2013-07-11 05:07:04+02:00;2013-07-11 09:01:54+02:00;2013-07-11 07:56:59+02:00;54.545400;15.559900;448;36000;0.867091670202;-3.72255921543e-07;-2.054214838e-07;0.0;False;0.055824;8.383524;False;
div-check;24643263.xml;4954198;AYT;ARN;2013-07-11 05:07:04+02:00;2013-07-11 09:01:54+02:00;2013-07-11 08:01:03+02:00;54.810000;15.080800;448;36030;0.841137534317;-3.01245831809e-07;0.0;9.66834875954e-09;False;0.121286;8.504811;False;
div-check;24643263.xml;4954198;AYT;ARN;2013-07-11 05:07:04+02:00;2013-07-11 09:01:54+02:00;2013-07-11 08:05:03+02:00;55.227100;14.303800;444;36030;0.799743732502;-4.80429454682e-07;-1.0409250076e-07;0.0;True;-0.052073;8.452738;False;
div-check;24643263.xml;4954198;AYT;ARN;2013-07-11 05:07:04+02:00;2013-07-11 09:01:54+02:00;2013-07-11 08:09:03+02:00;55.557600;13.669900;432;35980;0.766596040204;-3.84722519708e-07;-3.17981200951e-07;-1.61176417647e-08;True;-0.028644;8.424094;False;
div-check;24643263.xml;4954198;AYT;ARN;2013-07-11 05:07:04+02:00;2013-07-11 09:01:54+02:00;2013-07-11 08:13:03+02:00;55.876200;13.042400;428;36000;0.734313852123;-3.74677206131e-07;-1.0796571009e-07;6.44974372588e-09;True;-0.046117;8.377977;True;Alert!
div-check;24643263.xml;4954198;AYT;ARN;2013-07-11 05:07:04+02:00;2013-07-11 09:01:54+02:00;2013-07-11 08:17:21+02:00;56.096800;12.598200;420;35980;0.711772005757;-2.61682412368e-07;-2.19032812429e-07;-6.45109144694e-09;False;0.013937;8.391914;False;
div-check;24643263.xml;4954198;AYT;ARN;2013-07-11 05:07:04+02:00;2013-07-11 09:01:54+02:00;2013-07-11 08:21:21+02:00;56.500800;11.690400;436;36000;0.666172942618;-5.29237037362e-07;4.33880891018e-07;6.44974372588e-09;True;-0.337679;8.054235;False;
div-check;24643263.xml;4954198;AYT;ARN;2013-07-11 05:07:04+02:00;2013-07-11 09:01:54+02:00;2013-07-11 08:25:21+02:00;56.761000;10.973900;432;36000;0.630358758289;-4.15670663056e-07;-1.06970634421e-07;0.0;True;-0.206937;7.847298;False;
div-check;24643263.xml;4954198;AYT;ARN;2013-07-11 05:07:04+02:00;2013-07-11 09:01:54+02:00;2013-07-11 08:29:21+02:00;57.022900;10.230300;428;36000;0.593678791069;-4.25719211003e-07;-1.0796571009e-07;0.0;True;-0.242041;7.605257;True;
div-check;24643263.xml;4954198;AYT;ARN;2013-07-11 05:07:04+02:00;2013-07-11 09:01:54+02:00;2013-07-11 08:33:46+02:00;57.350800;9.487500;420;36000;0.558409152165;-4.09469308694e-07;-2.19050612739e-07;0.0;True;-0.256263;7.348994;True;
div-check;24643263.xml;4954198;AYT;ARN;2013-07-11 05:07:04+02:00;2013-07-11 09:01:54+02:00;2013-07-11 08:37:46+02:00;57.658200;8.838900;424;35000;0.528477408748;-3.47397207715e-07;1.1001245341e-07;-3.2693841788e-07;True;-0.057533;7.291461;True;
div-check;24643263.xml;4954198;AYT;ARN;2013-07-11 05:07:04+02:00;2013-07-11 09:01:54+02:00;2013-07-11 08:41:46+02:00;57.957200;8.162100;424;30250;0.497573840231;-3.58676514825e-07;0.0;-1.68980814452e-06;False;0.008703;7.300164;False;
div-check;24643263.xml;4954198;AYT;ARN;2013-07-11 05:07:04+02:00;2013-07-11 09:01:54+02:00;2013-07-11 08:45:47+02:00;58.170000;7.480900;376;21150;0.465757243824;-3.69277689006e-07;-1.39277382514e-06;-4.10967633228e-06;True;-1.517435;5.782729;False;
div-check;24643263.xml;4954198;AYT;ARN;2013-07-11 05:07:04+02:00;2013-07-11 09:01:54+02:00;2013-07-11 08:49:47+02:00;58.368400;6.768100;324;13980;0.432543427995;-3.85489970155e-07;-1.72436662687e-06;-4.73767550213e-06;True;-1.806329;3.976399;False;
div-check;24643263.xml;4954198;AYT;ARN;2013-07-11 05:07:04+02:00;2013-07-11 09:01:54+02:00;2013-07-11 08:53:52+02:00;58.468000;6.187000;276;7730;0.404731331246;-3.22814656714e-07;-1.85711798503e-06;-6.68297294243e-06;True;-2.014211;1.962188;True;
div-check;24643263.xml;4954198;AYT;ARN;2013-07-11 05:07:04+02:00;2013-07-11 09:01:54+02:00;2013-07-11 08:57:52+02:00;58.595900;5.709900;208;2880;0.382845825097;-2.54010052791e-07;-3.26127826761e-06;-1.0610861847e-05;True;-2.155402;-0.193214;True;
div-check;24643263.xml;4954198;AYT;ARN;2013-07-11 05:07:04+02:00;2013-07-11 09:01:54+02:00;2013-07-11 09:01:54+02:00;58.777300;5.640800;144;1700;0.382587554283;-2.99764171532e-09;-4.22057572874e-06;-5.98068482085e-06;True;-2.148778;-2.341992;True;
